size     time(ms)     avg_ob     max_ob     min_ob.
100   0.000328   51.00   100   1
200   0.000459   101.00   200   1
300   0.000586   151.00   300   1
400   0.000721   201.00   400   1
500   0.000853   251.00   500   1
600   0.000985   301.00   600   1
700   0.001117   351.00   700   1
800   0.001253   401.00   800   1
900   0.001380   451.00   900   1
1000   0.001515   501.00   1000   1
1100   0.001648   551.00   1100   1
1200   0.001778   601.00   1200   1
1300   0.001913   651.00   1300   1
1400   0.002045   701.00   1400   1
1500   0.002183   751.00   1500   1
1600   0.002307   801.00   1600   1
1700   0.002440   851.00   1700   1
1800   0.002573   901.00   1800   1
1900   0.002763   951.00   1900   1
size     time(ms)     avg_ob     max_ob     min_ob.
100   0.000212   7.53   100   1
200   0.000226   13.81   200   1
300   0.000233   16.46   300   1
400   0.000239   19.52   400   1
500   0.000245   22.65   500   1
600   0.000284   35.80   599   1
700   0.000278   33.30   699   1
800   0.000303   39.87   800   1
900   0.000334   53.41   900   1
1000   0.000328   53.53   998   1
1100   0.000317   49.41   1099   1
1200   0.000363   64.93   1200   1
1300   0.000336   55.34   1298   1
1400   0.000431   90.72   1400   1
1500   0.000356   63.07   1497   1
1600   0.000441   93.87   1600   1
1700   0.000409   83.55   1700   1
1800   0.000392   76.63   1798   1
1900   0.000458   102.01   1898   1
